Bus 1
0 4317.2
1 4585.59
2 4838.11
21 5197.25
3 5293.11
4 5559.87
5 5815.38
6 6046.93
7 6284.72
8 6491.58
9 6747.09
end
Bus 2
0 4117.81
11 4277.23
1 4626.26
13 4752.26
15 4847.63
2 5206.02
3 5496.51
4 5758.27
5 6013.78
26 6265.3
6 6519.47
7 6757.26
8 6969.13
9 7224.63
end
Bus 3
0 5620.59
1 5888.98
15 6053.83
18 6527.3
2 6691.91
3 6982.4
23 7339.75
24 7444.13
4 7663.06
5 7918.57
6 8155.12
7 8392.91
8 8599.77
9 8855.28
end
Bus 4
0 3942.77
13 4280.65
1 4396.64
2 4649.16
16 4881.95
3 5262.6
4 5529.37
24 5743.3
5 6119.23
6 6350.77
7 6588.57
8 6795.43
34 7132.38
9 7341.84
end
Bus 5
0 4000.54
10 4257.6
14 4691.32
1 4872.38
2 5134.89
3 5430.38
21 5531.24
19 5592.36
4 5918.12
24 6132.06
5 6512.98
6 6744.53
7 6987.32
8 7199.18
9 7459.69
end
